0.173525073058251
0.171088349098638
0.168685842808845
0.166317073687614
0.16398156798112
0.161678858588222
0.159408484967042
0.157169993042856
0.154962935117278
0.152786869778723
0.150641361814124
0.148525982121888
0.146440307626077
0.14438392119179
0.142356411541742
0.140357373174003
0.138386406280898
0.136443116669049
0.134527115680534
0.132638020115155
0.1307754521538
0.128939039282875
0.127128414219806
0.125343214839582
0.123583084102325
0.121847669981889
0.120136625395449
0.118449608134089
0.116786280794355
0.11514631071078
0.113529369889347
0.111935134941893
0.110363287021426
0.108813511758364
0.107285499197653
0.105778943736782
0.104293544064659
0.102829003101348
0.101385027938657
0.0999613297815547
0.0985576238904083
0.09717362952404
0.0958090698835765
0.0944636720570897
0.0931371669650143
0.0918292893063319
0.0905397775055108
0.0892683736601908
0.0880148234896028
0.0867788762837128
0.0855602848530794
0.0843588054794167
0.0831741978668499
0.0820062250938565
0.0808546535658818
0.0797192529686203
0.0785997962219526
0.0774960594345292
0.0764078218589927
0.075334865847828
0.0742769768098329
